49 13 38085203684.881485 inputs/145_100.in 
25 13 73323859.92523664 inputs/131_100.in 
17 13 74.0 inputs/70_100.in 
27 13 107.66666666666666 inputs/286_100.in 
23 13 1894942522.6923926 inputs/152_100.in 
27 13 1404.0 inputs/13_100.in 
27 13 2314.0 inputs/298_100.in 
47 1 135.66666666666666 inputs/294_100.in 
29 13 43.666666666666664 inputs/62_100.in 
21 13 13722.666666666666 inputs/123_100.in 
17 13 5164044310.219939 inputs/140_100.in 
17 13 59761.27928666666 inputs/29_100.in 
25 13 97127.17466666669 inputs/168_100.in 
29 1 185620.29680666668 inputs/54_100.in 
19 13 95.66666666666666 inputs/115_100.in 
23 13 922.5514666666669 inputs/37_100.in 
49 13 0.03893 inputs/107_100.in 
29 13 21928262352.07302 inputs/46_100.in 
21 13 132.69086666666666 inputs/164_100.in 
29 13 34.0 inputs/25_100.in 
15 13 6059.209999999999 inputs/58_100.in 
29 1 938210554.0954566 inputs/279_100.in 
49 13 33.33333333333333 inputs/304_100.in 
39 13 3010517139.9072056 inputs/204_100.in 
31 13 30.533333333333335 inputs/267_100.in 
49 13 9.885613333333332 inputs/216_100.in 
43 1 33.33333333333333 inputs/316_100.in 
15 13 65.0 inputs/275_100.in 
49 13 223.20000000000002 inputs/83_100.in 
25 13 92.2855933333333 inputs/208_100.in 
41 1 13000.0 inputs/220_100.in 
29 13 74784548.66666666 inputs/320_100.in 
49 13 58.666666666666664 inputs/197_100.in 
27 1 30.666666666666664 inputs/343_100.in 
31 13 169.72276666666664 inputs/189_100.in 
31 13 764.16 inputs/185_100.in 
37 1 33.33333333333333 inputs/332_100.in 
25 13 71.33333333333333 inputs/232_100.in 
17 17 46.33333333333333 inputs/351_100.in 
23 13 367.0 inputs/251_100.in 
25 13 978.2292566666672 inputs/6_100.in 
25 13 32759075760.0 inputs/277_100.in 
31 13 20204929.608726673 inputs/81_100.in 
19 13 6214303541.172855 inputs/269_100.in 
21 13 190.0 inputs/214_100.in 
29 13 20984.666666666664 inputs/314_100.in 
17 13 23692.666666666664 inputs/365_100.in 
15 13 171.50466666666676 inputs/93_100.in 
19 13 135.33333333333331 inputs/265_100.in 
21 13 61.33333333333333 inputs/318_100.in 
17 13 3605.333333333333 inputs/218_100.in 
49 13 34000000000.0 inputs/306_100.in 
23 13 16715098.666666666 inputs/206_100.in 
19 13 1310991764.3333333 inputs/253_100.in 
25 13 11307206190.023808 inputs/4_100.in 
21 13 344.0 inputs/199_100.in 
21 13 44000000000.0 inputs/187_100.in 
29 13 38102407870.755325 inputs/230_100.in 
19 13 2185.4192666666663 inputs/241_100.in 
39 1 366.3789933333333 inputs/222_100.in 
27 13 46.666666666666664 inputs/322_100.in 
23 13 312.66666666666663 inputs/195_100.in 
25 13 2909.245566666666 inputs/8_100.in 
19 13 56213.33333333333 inputs/142_100.in 
49 1 34.0 inputs/288_100.in 
17 13 6496514340.28132 inputs/296_100.in 
27 13 216030.45195333328 inputs/60_100.in 
31 13 266.66666666666663 inputs/121_100.in 
23 13 839170475.4323901 inputs/150_100.in 
49 13 11060350.666666666 inputs/11_100.in 
23 13 2106812487.932973 inputs/133_100.in 
37 13 1075.6666666666665 inputs/72_100.in 
25 1 423.3333333333333 inputs/284_100.in 
22 19 28.766666666666666 inputs/166_100.in 
29 13 27.333333333333332 inputs/27_100.in 
27 19 10135505787.333332 inputs/178_100.in 
19 13 11830983039.233065 inputs/39_100.in 
21 13 556.9255033333333 inputs/105_100.in 
31 13 7476.0 inputs/44_100.in 
19 13 92.0 inputs/35_100.in 
25 1 1991.09894 inputs/174_100.in 
13 13 6485.333333333333 inputs/48_100.in 
19 13 1156647424.6004698 inputs/109_100.in 
27 13 108.0 inputs/56_100.in 
17 13 417.3333333333333 inputs/117_100.in 
17 13 5413.249766666665 inputs/238_100.in 
17 13 5803.360053333332 inputs/245_100.in 
19 13 3643.6666666666665 inputs/345_100.in 
41 13 17108.666666666664 inputs/226_100.in 
25 13 1670.1376 inputs/326_100.in 
39 1 39.33333333333333 inputs/191_100.in 
17 13 5337410284.5699 inputs/357_100.in 
35 1 99.0 inputs/183_100.in 
23 13 11284116622.716934 inputs/334_100.in 
19 13 5380599.333333333 inputs/234_100.in 
23 13 1037.1199999999997 inputs/361_100.in 
19 13 115.0 inputs/97_100.in 
35 1 321.3333333333333 inputs/261_100.in 
17 13 60075.263353333336 inputs/202_100.in 
49 13 74.0 inputs/89_100.in 
28 19 30.0 inputs/273_100.in 
21 13 745.6706999999999 inputs/85_100.in 
15 13 56668.40774666667 inputs/210_100.in 
13 13 34000000.0 inputs/31_100.in 
27 19 18.0 inputs/170_100.in 
49 13 1814.4505633333329 inputs/52_100.in 
19 13 3571.0 inputs/113_100.in 
49 13 2740825848.0 inputs/162_100.in 
21 13 30.0 inputs/23_100.in 
31 13 238297.3333333333 inputs/40_100.in 
25 1 5316.0 inputs/68_100.in 
29 13 1000.6666666666666 inputs/154_100.in 
49 13 16364579975.398262 inputs/15_100.in 
49 13 5237.333333333333 inputs/137_100.in 
29 13 200.0 inputs/76_100.in 
21 13 9.695163333333337 inputs/146_100.in 
19 13 810.6666666666666 inputs/64_100.in 
49 13 25260696.61929 inputs/125_100.in 
29 13 1394.5267999999996 inputs/103_100.in 
17 13 67.0 inputs/42_100.in 
31 13 167.33333333333331 inputs/160_100.in 
29 13 3194.6666666666665 inputs/21_100.in 
17 13 3822.537053333332 inputs/50_100.in 
19 13 65.0 inputs/111_100.in 
35 1 2252.0 inputs/33_100.in 
19 19 3480.0 inputs/172_100.in 
33 1 713.2060000000001 inputs/290_100.in 
17 13 63.014553333333374 inputs/66_100.in 
31 1 974.0 inputs/127_100.in 
19 13 40.57360333333333 inputs/78_100.in 
49 13 67999999966.0 inputs/139_100.in 
21 13 434457.6666666666 inputs/144_100.in 
29 13 2140.6666666666665 inputs/135_100.in 
49 13 55.33333333333333 inputs/282_100.in 
9 9 10.333333333333332 inputs/148_100.in 
19 13 9729693962.262083 inputs/156_100.in 
25 13 230.0 inputs/17_100.in 
20 1 46.0 inputs/181_100.in 
29 13 135.33333333333331 inputs/236_100.in 
17 13 254.66666666666666 inputs/228_100.in 
17 13 100673.30543666665 inputs/2_100.in 
21 13 6215.200000000002 inputs/255_100.in 
31 13 996.6666666666666 inputs/324_100.in 
26 19 54.0 inputs/259_100.in 
29 1 401.3333333333333 inputs/359_100.in 
17 13 1670.0 inputs/247_100.in 
49 13 1267.6666666666665 inputs/212_100.in 
17 13 5349027950.967718 inputs/99_100.in 
19 13 59735.08774666666 inputs/271_100.in 
15 13 68.66666666666666 inputs/87_100.in 
29 1 75.57963666666666 inputs/300_100.in 
19 13 7097.062516666667 inputs/200_100.in 
49 13 22.666666666666664 inputs/363_100.in 
29 13 38051981798.86803 inputs/95_100.in 
14 14 72.0 inputs/263_100.in 
31 13 7877.624566666666 inputs/188_100.in 
49 13 10304.0 inputs/342_100.in 
21 13 210.0 inputs/242_100.in 
21 13 51.33333333333333 inputs/321_100.in 
19 13 18.60075333333333 inputs/196_100.in 
49 1 505.3333333333333 inputs/7_100.in 
15 13 125.0 inputs/250_100.in 
17 13 1075.4562 inputs/350_100.in 
17 13 552828.0545300001 inputs/233_100.in 
9 9 237.66666666666666 inputs/184_100.in 
49 13 44.0 inputs/90_100.in 
31 13 39013.07506666667 inputs/266_100.in 
23 13 16022.988066666667 inputs/366_100.in 
29 13 1612.0 inputs/205_100.in 
29 13 40006753818.328 inputs/305_100.in 
23 13 3012.6742066666675 inputs/278_100.in 
17 13 8593339100.780027 inputs/309_100.in 
19 13 62591.77069333331 inputs/209_100.in 
29 13 15598.0 inputs/274_100.in 
17 13 1620.6666666666665 inputs/82_100.in 
23 13 9735366094.363932 inputs/217_100.in 
21 13 8866.333333333332 inputs/177_100.in 
19 13 81.33333333333333 inputs/36_100.in 
49 13 29193379.333333332 inputs/114_100.in 
19 13 70069.07103333333 inputs/55_100.in 
29 1 74765044904.32173 inputs/169_100.in 
49 13 5524577120.029983 inputs/28_100.in 
17 13 83189337.59064 inputs/118_100.in 
29 13 39.000000000000014 inputs/24_100.in 
25 13 155.75333333333327 inputs/165_100.in 
23 13 171.62876999999997 inputs/106_100.in 
21 13 783414.5061866663 inputs/299_100.in 
31 1 541.3333333333333 inputs/12_100.in 
21 13 166687081123.04062 inputs/153_100.in 
49 13 60052609.72050998 inputs/71_100.in 
49 13 667005.6666666666 inputs/287_100.in 
29 13 38014699160.666664 inputs/130_100.in 
21 19 78.66666666666666 inputs/141_100.in 
23 13 19467905.0 inputs/122_100.in 
25 13 42.33333333333333 inputs/295_100.in 
15 13 109.66666666666666 inputs/63_100.in 
29 13 891.2985933333331 inputs/45_100.in 
27 13 14686.0 inputs/104_100.in 
25 13 1416.6666666666665 inputs/38_100.in 
29 13 392.6358666666666 inputs/179_100.in 
17 13 518.0 inputs/26_100.in 
27 13 35.33333333333333 inputs/167_100.in 
35 13 1044.3333333333333 inputs/116_100.in 
29 13 9407.666666666666 inputs/57_100.in 
49 13 8194812943.0 inputs/108_100.in 
31 13 1934.6666666666665 inputs/49_100.in 
19 13 9777223569.66022 inputs/175_100.in 
39 1 33.33333333333333 inputs/34_100.in 
49 13 4715.0 inputs/120_100.in 
21 13 16616.666666666664 inputs/297_100.in 
21 13 416252.81904000003 inputs/61_100.in 
21 19 32.33333333333333 inputs/289_100.in 
23 13 39.666666666666664 inputs/73_100.in 
19 13 117344.8465466667 inputs/285_100.in 
31 13 1556.5333333333333 inputs/132_100.in 
19 13 748.2993266666666 inputs/10_100.in 
49 13 52.0 inputs/151_100.in 
29 13 37275171674.423904 inputs/231_100.in 
13 13 98882.33333333333 inputs/186_100.in 
29 13 40.779999999999994 inputs/331_100.in 
29 13 26081650967.438965 inputs/5_100.in 
31 13 3817.333333333333 inputs/252_100.in 
21 13 932.3333333333333 inputs/352_100.in 
49 13 433.59999999999997 inputs/194_100.in 
29 13 33.733333333333334 inputs/223_100.in 
49 13 11.322273333333332 inputs/9_100.in 
21 13 3074.639186666666 inputs/340_100.in 
29 13 371.71982 inputs/240_100.in 
49 13 29.88561333333333 inputs/315_100.in 
29 13 198.0 inputs/268_100.in 
25 13 2607.5800833333324 inputs/276_100.in 
17 13 58.666666666666664 inputs/207_100.in 
21 13 2257.0 inputs/307_100.in 
13 13 33.33333333333333 inputs/219_100.in 
15 13 76.0 inputs/319_100.in 
17 13 719.2449700000002 inputs/264_100.in 
27 13 52.0 inputs/364_100.in 
25 13 30907.54852000001 inputs/77_100.in 
25 13 1098.1762799999997 inputs/281_100.in 
49 13 144.66666666666666 inputs/136_100.in 
17 13 9990.787076666666 inputs/14_100.in 
33 13 1006.6666666666666 inputs/155_100.in 
17 13 9609432340.84756 inputs/128_100.in 
25 13 191.33333333333331 inputs/18_100.in 
17 13 16762233.0 inputs/124_100.in 
6 6 4.333333333333333 inputs/293_100.in 
23 13 1370.3333333333333 inputs/65_100.in 
17 13 1525.3333333333333 inputs/147_100.in 
25 13 14.484000000000002 inputs/112_100.in 
13 13 115.66666666666666 inputs/53_100.in 
49 13 14620045928.10304 inputs/171_100.in 
45 13 591.0597333333333 inputs/30_100.in 
23 13 1529.0 inputs/41_100.in 
33 1 264.0 inputs/22_100.in 
43 1 3372010415.833413 inputs/163_100.in 
23 13 144.22240666666667 inputs/88_100.in 
19 13 5312.544213333333 inputs/203_100.in 
31 13 40504524629.58198 inputs/303_100.in 
27 13 94.80504666666667 inputs/96_100.in 
35 1 209.57356666666655 inputs/260_100.in 
19 13 670.2712533333332 inputs/360_100.in 
31 13 6538927.136873335 inputs/311_100.in 
15 13 122.66666666666666 inputs/211_100.in 
21 13 93747048526.8791 inputs/272_100.in 
15 13 127.95300666666665 inputs/84_100.in 
19 13 34.926666666666655 inputs/327_100.in 
49 13 30507396.41855667 inputs/190_100.in 
19 13 54.00113333333336 inputs/227_100.in 
49 13 110163418.5376333 inputs/244_100.in 
35 13 65.33333333333333 inputs/239_100.in 
29 13 193993.3333333333 inputs/248_100.in 
21 13 40877.0 inputs/235_100.in 
25 13 6346684104.0 inputs/182_100.in 
17 13 5.315776666666666 inputs/335_100.in 
47 1 235.66666666666666 inputs/256_100.in 
31 13 787737.4996733331 inputs/356_100.in 
25 13 23109.929333333337 inputs/1_100.in 
21 13 58.53536000000001 inputs/86_100.in 
23 13 226.17133333333334 inputs/98_100.in 
29 13 222.66666666666666 inputs/213_100.in 
21 13 3844.6666666666665 inputs/94_100.in 
49 13 34.0 inputs/262_100.in 
21 13 851.8126999999998 inputs/362_100.in 
21 13 1790691840.0 inputs/201_100.in 
49 13 756.6666666666666 inputs/301_100.in 
17 13 113.33333333333333 inputs/254_100.in 
37 13 460.1737 inputs/229_100.in 
29 13 70.66666666666666 inputs/329_100.in 
49 13 12089.411999999998 inputs/3_100.in 
17 13 119.33333333333333 inputs/237_100.in 
19 13 295.66666666666663 inputs/180_100.in 
25 13 45.33333333333333 inputs/337_100.in 
17 13 577.3964633333331 inputs/246_100.in 
31 13 39333318570.34828 inputs/358_100.in 
17 13 503.88581999999997 inputs/258_100.in 
29 13 38026.0 inputs/325_100.in 
29 13 91908.70022666667 inputs/192_100.in 
49 13 38099302025.29675 inputs/145_100.in 
17 13 26436.333333333332 inputs/79_100.in 
49 13 13333600115.333332 inputs/126_100.in 
27 13 1565028272.6666665 inputs/291_100.in 
49 13 43.666666666666664 inputs/67_100.in 
23 1 3162.6666666666665 inputs/16_100.in 
33 1 914.9415333333332 inputs/157_100.in 
27 13 424.66666666666663 inputs/149_100.in 
21 13 102.66666666666666 inputs/75_100.in 
23 13 42.0 inputs/134_100.in 
17 13 8609986207.333525 inputs/20_100.in 
19 13 84.0 inputs/161_100.in 
49 13 375000.0 inputs/43_100.in 
19 13 571494.3389666665 inputs/102_100.in 
21 13 131100008598.66684 inputs/173_100.in 
17 13 59.33333333333333 inputs/32_100.in 
25 13 32934712057.773003 inputs/110_100.in 
23 13 765857.3333333333 inputs/51_100.in 
29 13 369995.3333333333 inputs/100_100.in 
25 13 158.0 inputs/101_100.in 
