1 1 201.9085066666667 inputs/85_50.in 
1 1 3770.211559999999 inputs/192_50.in 
1 1 5.333333333333333 inputs/293_50.in 
1 1 72.77832 inputs/78_50.in 
1 1 1159117813.4036868 inputs/152_50.in 
1 1 208.0 inputs/117_50.in 
11 7 449.30731 inputs/45_50.in 
1 1 765226999.3333333 inputs/253_50.in 
1 1 209.62316666666666 inputs/216_50.in 
7 7 14757775747.666666 inputs/277_50.in 
10 7 32.33333333333333 inputs/232_50.in 
8 7 179884.2683966666 inputs/61_50.in 
1 1 18.999999999999996 inputs/24_50.in 
7 7 1785987267.3064866 inputs/133_50.in 
1 1 2451099383.745133 inputs/357_50.in 
2 1 231.33333333333331 inputs/7_50.in 
1 1 101120.66666666666 inputs/248_50.in 
1 1 238.66666666666666 inputs/149_50.in 
1 1 13221113918.895557 inputs/5_50.in 
1 1 758.17686 inputs/174_50.in 
1 1 68032186.13390666 inputs/131_50.in 
5 4 55.0 inputs/63_50.in 
1 1 3600.0 inputs/26_50.in 
1 1 17.333333333333332 inputs/288_50.in 
4 4 33.0 inputs/275_50.in 
1 1 18636388285.15927 inputs/230_50.in 
1 1 88.63946 inputs/189_50.in 
4 4 5853347318.110572 inputs/309_50.in 
7 7 148.0 inputs/251_50.in 
1 1 52.0 inputs/214_50.in 
11 10 555278223.4223566 inputs/150_50.in 
4 4 40.666666666666664 inputs/115_50.in 
1 1 963778422.6666666 inputs/291_50.in 
4 4 6667648913.9421215 inputs/128_50.in 
1 1 14500767.439853337 inputs/190_50.in 
24 1 187.8261599999999 inputs/229_50.in 
1 1 21.333333333333332 inputs/87_50.in 
10 10 5202937137.430902 inputs/334_50.in 
49 1 143891.0 inputs/43_50.in 
1 1 502.66666666666663 inputs/154_50.in 
1 1 598.9176466666668 inputs/111_50.in 
10 10 3155.933333333333 inputs/255_50.in 
25 1 24.0 inputs/210_50.in 
22 1 4000000483.49998 inputs/194_50.in 
1 1 104.13333333333333 inputs/83_50.in 
1 1 106.66666666666666 inputs/268_50.in 
7 7 24.333333333333332 inputs/295_50.in 
10 10 25128463834.675526 inputs/169_50.in 
1 1 69002.66666666666 inputs/314_50.in 
3 1 49.666666666666664 inputs/351_50.in 
1 1 12725.583333333332 inputs/1_50.in 
49 1 3719949720.6666665 inputs/108_50.in 
7 7 42217.250409999986 inputs/209_50.in 
1 1 277.5632733333333 inputs/271_50.in 
3 1 1987429.0 inputs/234_50.in 
1 1 4.666666666666666 inputs/170_50.in 
2 1 100.66666666666666 inputs/135_50.in 
4 1 24.666666666666664 inputs/67_50.in 
11 10 111.0 inputs/22_50.in 
1 1 34.666666666666664 inputs/329_50.in 
10 7 736.0 inputs/65_50.in 
1 1 3957787824.603307 inputs/20_50.in 
20 1 26020.0 inputs/172_50.in 
1 1 4437.333333333333 inputs/137_50.in 
4 4 35.33333333333333 inputs/273_50.in 
11 10 96.4655733333333 inputs/98_50.in 
1 1 79.33333333333333 inputs/236_50.in 
1 1 677007019.3747667 inputs/150_100.in 
1 1 16.666666666666664 inputs/316_50.in 
1 1 1995.5106666666663 inputs/3_50.in 
1 1 1614.44 inputs/58_50.in 
1 1 4.666666666666666 inputs/332_50.in 
2 1 117379793.33333333 inputs/297_50.in 
1 1 10659970553.610302 inputs/39_50.in 
1 1 9765930.092239998 inputs/81_50.in 
1 1 15.805646666666664 inputs/196_50.in 
4 4 174.0 inputs/212_50.in 
1 1 5338351748.28322 inputs/156_50.in 
4 4 334.3333333333333 inputs/113_50.in 
1 1 495.3333333333333 inputs/41_50.in 
1 1 18931815854.0 inputs/130_50.in 
1 1 5731353753.699999 inputs/175_50.in 
1 1 6.666666666666666 inputs/289_50.in 
1 1 14.0 inputs/27_50.in 
15 1 31.666666666666664 inputs/62_50.in 
5 4 16.0 inputs/231_50.in 
1 1 4114.0 inputs/274_50.in 
1 1 3956.4979533333326 inputs/188_50.in 
7 7 4462450.0644000005 inputs/311_50.in 
1 1 7066668702.502838 inputs/4_50.in 
1 1 1479.3333466666666 inputs/249_50.in 
5 1 16.0 inputs/148_50.in 
1 1 2.78662 inputs/335_50.in 
1 1 16.40682666666666 inputs/290_50.in 
1 1 19.333333333333332 inputs/191_50.in 
7 4 45.05600333333333 inputs/86_50.in 
1 1 136.66666666666666 inputs/228_50.in 
7 7 62.33333333333333 inputs/250_50.in 
9 7 13992343806.967068 inputs/46_50.in 
4 4 7091702.333333333 inputs/114_50.in 
25 1 26.666666666666668 inputs/151_50.in 
1 1 2116.0 inputs/116_50.in 
7 7 77841147135.15092 inputs/153_50.in 
1 1 3714.0 inputs/44_50.in 
12 10 5916963495.017493 inputs/217_50.in 
1 1 3817.726666666666 inputs/252_50.in 
5 4 23.0 inputs/337_50.in 
1 1 82.6 inputs/84_50.in 
10 10 12661.0 inputs/79_50.in 
1 1 433255.6245466667 inputs/356_50.in 
10 10 427.6621566666666 inputs/6_50.in 
7 7 131.73239999999998 inputs/18_50.in 
1 1 295182.1594266666 inputs/233_50.in 
11 10 1494.8291599999995 inputs/276_50.in 
1 1 16.666666666666664 inputs/25_50.in 
10 10 131879.05932000003 inputs/60_50.in 
1 1 721.1999999999999 inputs/132_50.in 
10 10 3749.333333333333 inputs/177_50.in 
7 7 440.3333333333333 inputs/352_50.in 
1 1 47150.40379333333 inputs/2_50.in 
1 1 3085.7085266666654 inputs/50_100.in 
1 1 1057.3333333333333 inputs/21_50.in 
1 1 180.66666666666666 inputs/64_50.in 
48 1 25.0 inputs/136_50.in 
1 1 58266670704.76728 inputs/173_50.in 
7 7 55.33333333333333 inputs/237_50.in 
4 4 3227018577.253503 inputs/99_50.in 
1 1 33741227721.36772 inputs/272_50.in 
1 1 90.66666666666666 inputs/213_50.in 
1 1 127.33333333333333 inputs/256_50.in 
2 1 8.172333333333333 inputs/112_50.in 
10 10 860.7290766666667 inputs/157_50.in 
1 1 131610.0 inputs/40_50.in 
7 7 708.3333333333333 inputs/38_50.in 
1 1 3237767401.9798737 inputs/296_50.in 
6 1 239.66666666666666 inputs/197_50.in 
1 1 140.0 inputs/195_50.in 
1 1 3682813958.0158405 inputs/269_50.in 
1 1 1081.3333333333333 inputs/82_50.in 
1 1 13.333333333333332 inputs/294_50.in 
10 10 5491.801 inputs/168_50.in 
1 1 20.206666666666667 inputs/331_50.in 
1 1 2194.4784666666665 inputs/350_200.in 
1 1 232.66666666666666 inputs/250_200.in 
1 1 23.333333333333332 inputs/42_50.in 
1 1 16470409297.775599 inputs/110_50.in 
1 1 1314.6666666666665 inputs/155_50.in 
4 4 49.666666666666664 inputs/211_50.in 
1 1 37.33333333333333 inputs/254_50.in 
1 1 1798.6666666666665 inputs/235_50.in 
1 1 50.0 inputs/134_50.in 
1 1 15283134111.655497 inputs/171_50.in 
1 1 30.666666666666664 inputs/23_50.in 
1 1 21.27659999999999 inputs/66_50.in 
1 1 614825879.1534333 inputs/109_50.in 
1 1 46.855726666666676 inputs/208_50.in 
1 1 303.99813333333327 inputs/350_50.in 
1 1 4.55228 inputs/315_50.in 
1 1 4468.0 inputs/57_50.in 
7 7 234.66666666666666 inputs/12_50.in 
1 1 2933305787.84068 inputs/140_50.in 
1 1 231.67958000000002 inputs/105_50.in 
1 1 993.2720000000002 inputs/241_50.in 
15 1 3223363982.635319 inputs/204_50.in 
1 1 33.33333333333333 inputs/319_50.in 
10 10 117.66666666666666 inputs/250_100.in 
1 1 813.7722 inputs/350_100.in 
1 1 708.6666666666666 inputs/324_50.in 
1 1 103.33333333333333 inputs/180_50.in 
15 7 34.0 inputs/239_50.in 
4 4 57.0 inputs/97_50.in 
1 1 390.10386 inputs/281_50.in 
11 10 24.413533333333334 inputs/300_50.in 
1 1 1294.0 inputs/345_50.in 
1 1 300.51038000000005 inputs/258_50.in 
1 1 64.66666666666666 inputs/265_50.in 
4 4 6366.666666666666 inputs/220_50.in 
49 1 225.0 inputs/199_50.in 
1 1 77.93346666666667 inputs/164_50.in 
1 1 120.0 inputs/121_50.in 
1 1 20.0 inputs/73_50.in 
1 1 21.333333333333332 inputs/36_50.in 
1 1 1075.3333333333333 inputs/298_50.in 
42 1 111642212.40913999 inputs/71_50.in 
1 1 4.0 inputs/34_50.in 
1 1 12.4 inputs/166_50.in 
1 1 5926.666666666666 inputs/123_50.in 
1 1 14.666666666666666 inputs/267_50.in 
1 1 0.01718 inputs/222_50.in 
1 1 4358.716600000001 inputs/50_200.in 
1 1 925.9487999999999 inputs/326_50.in 
1 1 16.0 inputs/363_50.in 
7 7 3917.333333333333 inputs/68_50.in 
1 1 19280138409.510857 inputs/95_50.in 
7 7 2474991020.6666665 inputs/182_50.in 
9 7 21429348.666666664 inputs/206_50.in 
11 10 1066.3333333333333 inputs/142_50.in 
10 10 0.02037666666666666 inputs/107_50.in 
4 4 125.14295666666663 inputs/55_50.in 
1 1 11.51866666666667 inputs/10_50.in 
1 1 48426.666666666664 inputs/186_50.in 
1 1 45.33333333333333 inputs/287_50.in 
1 1 3268.607479999999 inputs/29_50.in 
0 0 inf inputs/322_50.in 
1 1 4.624153333333333 inputs/146_50.in 
2 1 356.1447666666666 inputs/103_50.in 
1 1 421116.6666666666 inputs/51_50.in 
1 1 5288.662039999999 inputs/14_50.in 
9 7 793.3333333333333 inputs/247_50.in 
1 1 13633.051873333332 inputs/202_50.in 
1 1 72.0 inputs/263_50.in 
1 1 611.4488666666666 inputs/88_50.in 
1 1 8530.0 inputs/226_50.in 
1 1 34.0 inputs/75_50.in 
1 1 242.2013133333334 inputs/30_50.in 
7 7 3060463212.333333 inputs/162_50.in 
1 1 310.66666666666663 inputs/127_50.in 
1 1 3242.6666666666665 inputs/48_50.in 
1 1 17333333333.333332 inputs/306_50.in 
1 1 16.666666666666664 inputs/343_50.in 
5 1 26.666666666666664 inputs/219_50.in 
1 1 46065621.34114001 inputs/118_50.in 
1 1 16.666666666666664 inputs/304_50.in 
1 1 114.66666666666666 inputs/160_50.in 
46 1 10841053.177276667 inputs/125_50.in 
1 1 12514.615053333331 inputs/77_50.in 
1 1 12.0 inputs/32_50.in 
1 1 140.0 inputs/261_50.in 
1 1 23.0 inputs/224_50.in 
1 1 1337.5562 inputs/8_50.in 
1 1 18457884843.376762 inputs/358_50.in 
1 1 2793.928253333332 inputs/245_50.in 
7 7 4062.94859 inputs/200_50.in 
7 7 81922.0 inputs/53_50.in 
1 1 41.33333333333333 inputs/16_50.in 
4 4 176902.66666666666 inputs/144_50.in 
7 7 79.66666666666666 inputs/101_50.in 
1 1 19069.843553333332 inputs/285_50.in 
1 1 207.09279999999995 inputs/179_50.in 
7 1 237.66666666666666 inputs/184_50.in 
2 1 1234.6666799999998 inputs/93_50.in 
1 1 768.6133199999999 inputs/278_50.in 
1 1 37663765.33333333 inputs/320_50.in 
2 1 11044.0 inputs/365_50.in 
1 1 0.19716 inputs/303_50.in 
4 4 888522510.4415834 inputs/150_200.in 
1 1 29.333333333333332 inputs/35_50.in 
7 7 29.0 inputs/70_50.in 
1 1 8711684.0 inputs/122_50.in 
1 1 17.333333333333332 inputs/167_50.in 
1 1 16.733333333333334 inputs/223_50.in 
1 1 1940.824593333333 inputs/266_50.in 
5 1 67.33333333333333 inputs/207_50.in 
1 1 30.0 inputs/242_50.in 
1 1 75.23791333333332 inputs/106_50.in 
1 1 309418.0 inputs/11_50.in 
7 4 87594.55213 inputs/54_50.in 
1 1 20.666666666666664 inputs/282_50.in 
1 1 1585.3333333333333 inputs/94_50.in 
1 1 16.666666666666664 inputs/183_50.in 
1 1 341.15793333333323 inputs/362_50.in 
1 1 25.173333333333336 inputs/327_50.in 
6 1 17.0 inputs/181_50.in 
12 10 48.51953333333333 inputs/96_50.in 
1 1 2799.617466666667 inputs/238_50.in 
1 1 34666666649.33333 inputs/139_50.in 
7 7 494.72508333333326 inputs/360_50.in 
1 1 20718.666666666664 inputs/325_50.in 
2 1 23.666666666666664 inputs/318_50.in 
1 1 12195950151.333332 inputs/13_50.in 
7 7 54.0 inputs/56_50.in 
1 1 7163.333333333333 inputs/104_50.in 
1 1 78.66666666666666 inputs/141_50.in 
1 1 871.3333333333333 inputs/205_50.in 
1 1 293.4115333333333 inputs/240_50.in 
1 1 346.33186 inputs/264_50.in 
4 4 44.0 inputs/120_50.in 
1 1 26.673333333333325 inputs/165_50.in 
1 1 305447.1767799999 inputs/299_50.in 
4 4 758.3129066666669 inputs/37_50.in 
1 1 198.66666666666666 inputs/72_50.in 
15 1 18.0 inputs/259_50.in 
4 4 16.333333333333332 inputs/301_50.in 
1 1 6516070.666666666 inputs/124_50.in 
8 7 39.33333333333333 inputs/161_50.in 
1 1 623.3333333333333 inputs/33_50.in 
1 1 96.66666666666666 inputs/76_50.in 
11 10 83.2177 inputs/260_50.in 
4 4 939.3829866666667 inputs/340_50.in 
1 1 19412133000.278748 inputs/305_50.in 
10 10 2517.6666666666665 inputs/218_50.in 
1 1 32.0 inputs/364_50.in 
4 4 19.666666666666664 inputs/321_50.in 
4 4 180.0 inputs/284_50.in 
1 1 794196036.6666666 inputs/178_50.in 
1 1 411.3866666666666 inputs/185_50.in 
1 1 506119170.75277334 inputs/279_50.in 
1 1 1841252135.3333333 inputs/201_50.in 
1 1 60891364.92499999 inputs/244_50.in 
4 4 101.33333333333333 inputs/17_50.in 
7 7 764.9546966666665 inputs/52_50.in 
24 1 14017479760.852386 inputs/145_50.in 
4 4 12.328786666666662 inputs/9_50.in 
3 1 189.0 inputs/359_50.in 
1 1 299219.54446666664 inputs/102_50.in 
4 4 746.6666666666666 inputs/147_50.in 
10 10 8088236480.647963 inputs/15_50.in 
1 1 136.23420666666667 inputs/50_50.in 
1 1 2908.2320600000003 inputs/203_50.in 
1 1 314.2305133333333 inputs/246_50.in 
7 7 13397.323653333331 inputs/366_50.in 
1 1 47.33333333333333 inputs/90_50.in 
1 1 787006.0 inputs/187_50.in 
10 10 1130465945.6341567 inputs/28_50.in 
5 4 37.0 inputs/286_50.in 
1 1 7026.0 inputs/342_50.in 
1 1 1346.6666666666665 inputs/307_50.in 
1 1 955.3333333333333 inputs/49_50.in 
1 1 25.333600000000004 inputs/227_50.in 
1 1 44.666666666666664 inputs/89_50.in 
1 1 17.333333333333332 inputs/262_50.in 
1 1 73987595562.82358 inputs/31_50.in 
1 1 4.666666666666666 inputs/74_50.in 
46 1 5000250075.0 inputs/126_50.in 
1 1 2655095386.245967 inputs/163_50.in 
