1 1 64927170.92894003 inputs/131_100.in 
7 7 74.0 inputs/70_100.in 
1 1 92.0 inputs/286_100.in 
4 4 1481216813.0626001 inputs/152_100.in 
1 1 1205.3333333333333 inputs/13_100.in 
1 1 2128.6666666666665 inputs/298_100.in 
4 4 118.66666666666666 inputs/294_100.in 
20 1 43.33333333333333 inputs/62_100.in 
1 1 11881.333333333332 inputs/123_100.in 
1 1 4119031710.16512 inputs/140_100.in 
1 1 45511.677333333326 inputs/29_100.in 
10 10 81018.17200000002 inputs/168_100.in 
13 13 180479.4024133333 inputs/54_100.in 
1 1 71.33333333333333 inputs/115_100.in 
13 13 743.7557133333333 inputs/37_100.in 
7 7 0.03153 inputs/107_100.in 
1 1 19623754420.482716 inputs/46_100.in 
8 7 117.64020000000002 inputs/164_100.in 
1 1 34.0 inputs/25_100.in 
1 1 3485.4933333333347 inputs/58_100.in 
1 1 765678350.2751267 inputs/279_100.in 
1 1 33.33333333333333 inputs/304_100.in 
4 4 3010517132.9782057 inputs/204_100.in 
1 1 30.0 inputs/267_100.in 
1 1 9.885613333333334 inputs/216_100.in 
1 1 33.33333333333333 inputs/316_100.in 
4 4 65.0 inputs/275_100.in 
1 1 222.93333333333334 inputs/83_100.in 
15 13 75.69142999999998 inputs/208_100.in 
4 4 12866.666666666666 inputs/220_100.in 
1 1 70336898.66666666 inputs/320_100.in 
98 1 50.333333333333336 inputs/197_100.in 
1 1 30.666666666666664 inputs/343_100.in 
1 1 163.3568266666666 inputs/189_100.in 
1 1 712.68 inputs/185_100.in 
1 1 33.33333333333333 inputs/332_100.in 
8 4 69.33333333333333 inputs/232_100.in 
3 1 49.666666666666664 inputs/351_100.in 
1 1 295.3333333333333 inputs/251_100.in 
7 7 729.5908366666666 inputs/6_100.in 
11 10 28243310011.333332 inputs/277_100.in 
1 1 18672147.968220003 inputs/81_100.in 
4 4 5074519335.707415 inputs/269_100.in 
1 1 175.33333333333331 inputs/214_100.in 
1 1 17332.666666666664 inputs/314_100.in 
4 4 23726.0 inputs/365_100.in 
1 1 137.47066666666672 inputs/93_100.in 
12 10 132.33333333333331 inputs/265_100.in 
1 1 49.33333333333333 inputs/318_100.in 
1 1 3065.333333333333 inputs/218_100.in 
1 1 34000000000.0 inputs/306_100.in 
10 10 13980614.333333332 inputs/206_100.in 
13 13 952221340.0 inputs/253_100.in 
1 1 9339216460.970373 inputs/4_100.in 
10 1 344.0 inputs/199_100.in 
1 1 38666666666.666664 inputs/187_100.in 
1 1 35691196565.28742 inputs/230_100.in 
1 1 1902.0698999999997 inputs/241_100.in 
1 1 304.6235666666667 inputs/222_100.in 
1 1 46.666666666666664 inputs/322_100.in 
1 1 294.66666666666663 inputs/195_100.in 
1 1 2476.2919999999995 inputs/8_100.in 
13 13 47287.666666666664 inputs/142_100.in 
1 1 34.0 inputs/288_100.in 
1 1 4313542623.940853 inputs/296_100.in 
13 13 169190.34799 inputs/60_100.in 
1 1 258.0 inputs/121_100.in 
1 1 677007019.3747667 inputs/150_100.in 
1 1 10233444.666666666 inputs/11_100.in 
13 13 1711218903.5598633 inputs/133_100.in 
1 1 977.3333333333333 inputs/72_100.in 
7 7 351.0 inputs/284_100.in 
4 4 30.166666666666664 inputs/166_100.in 
1 1 27.333333333333332 inputs/27_100.in 
1 1 10208967478.666666 inputs/178_100.in 
1 1 9456123078.105167 inputs/39_100.in 
1 1 483.26783333333356 inputs/105_100.in 
1 1 7098.666666666666 inputs/44_100.in 
11 10 72.0 inputs/35_100.in 
10 10 1622.4169299999999 inputs/174_100.in 
1 1 6485.333333333333 inputs/48_100.in 
1 1 780127916.9358001 inputs/109_100.in 
7 7 108.0 inputs/56_100.in 
1 1 417.3333333333333 inputs/117_100.in 
1 1 3969.0758000000005 inputs/238_100.in 
1 1 3856.6011999999982 inputs/245_100.in 
1 1 2699.333333333333 inputs/345_100.in 
1 1 16854.666666666664 inputs/226_100.in 
14 13 1359.904 inputs/326_100.in 
8 7 37.0 inputs/191_100.in 
1 1 3907739291.0486684 inputs/357_100.in 
34 1 99.0 inputs/183_100.in 
12 10 8868774316.347599 inputs/334_100.in 
1 1 5125939.333333333 inputs/234_100.in 
1 1 839.1066666666663 inputs/361_100.in 
5 4 115.0 inputs/97_100.in 
1 1 272.66666666666663 inputs/261_100.in 
1 1 40733.51764666666 inputs/202_100.in 
1 1 73.33333333333333 inputs/89_100.in 
1 1 30.0 inputs/273_100.in 
4 4 588.50578 inputs/85_100.in 
1 1 36169.7959 inputs/210_100.in 
1 1 34000000.0 inputs/31_100.in 
1 1 18.0 inputs/170_100.in 
16 13 1491.09454 inputs/52_100.in 
4 4 2889.6666666666665 inputs/113_100.in 
1 1 2159683904.6666665 inputs/162_100.in 
1 1 30.0 inputs/23_100.in 
1 1 210811.3333333333 inputs/40_100.in 
2 1 4473.333333333333 inputs/68_100.in 
1 1 986.0 inputs/154_100.in 
7 7 12749624533.566374 inputs/15_100.in 
1 1 5002.666666666666 inputs/137_100.in 
13 7 192.66666666666666 inputs/76_100.in 
7 7 7.817543333333332 inputs/146_100.in 
1 1 494.66666666666663 inputs/64_100.in 
99 1 20847823.68276 inputs/125_100.in 
1 1 1239.8037999999997 inputs/103_100.in 
6 4 67.0 inputs/42_100.in 
1 1 160.0 inputs/160_100.in 
1 1 3031.333333333333 inputs/21_100.in 
1 1 3085.7085266666654 inputs/50_100.in 
1 1 58.0 inputs/111_100.in 
7 7 2173.333333333333 inputs/33_100.in 
1 1 3480.0 inputs/172_100.in 
1 1 523.4853333333333 inputs/290_100.in 
1 1 40.729020000000034 inputs/66_100.in 
1 1 800.6666666666666 inputs/127_100.in 
2 1 41.191416666666655 inputs/78_100.in 
1 1 67999999966.0 inputs/139_100.in 
4 4 339282.3333333333 inputs/144_100.in 
6 4 1983.3333333333333 inputs/135_100.in 
1 1 53.33333333333333 inputs/282_100.in 
1 1 9.333333333333332 inputs/148_100.in 
1 1 6760920140.811874 inputs/156_100.in 
14 13 210.33333333333331 inputs/17_100.in 
4 4 47.0 inputs/181_100.in 
1 1 130.66666666666666 inputs/236_100.in 
10 10 204.66666666666666 inputs/228_100.in 
1 1 74777.70109333334 inputs/2_100.in 
13 13 6215.200000000002 inputs/255_100.in 
1 1 818.6666666666666 inputs/324_100.in 
7 7 54.0 inputs/259_100.in 
3 1 378.0 inputs/359_100.in 
15 13 1665.3333333333333 inputs/247_100.in 
4 4 1125.6666666666665 inputs/212_100.in 
1 1 3868152969.2045784 inputs/99_100.in 
1 1 43695.63660666667 inputs/271_100.in 
1 1 42.666666666666664 inputs/87_100.in 
10 10 65.42545333333334 inputs/300_100.in 
10 10 5630.857696666666 inputs/200_100.in 
1 1 22.666666666666664 inputs/363_100.in 
1 1 35671917954.07392 inputs/95_100.in 
1 1 72.0 inputs/263_100.in 
1 1 7407.755059999998 inputs/188_100.in 
7 7 7983.333333333333 inputs/342_100.in 
7 7 198.66666666666666 inputs/242_100.in 
1 1 43.33333333333333 inputs/321_100.in 
1 1 16.41658666666666 inputs/196_100.in 
2 1 487.3333333333333 inputs/7_100.in 
10 10 117.66666666666666 inputs/250_100.in 
1 1 813.7722 inputs/350_100.in 
1 1 373841.31773999997 inputs/233_100.in 
7 1 237.66666666666666 inputs/184_100.in 
4 4 43.666666666666664 inputs/90_100.in 
1 1 36183.43839333333 inputs/266_100.in 
1 1 13046.955786666666 inputs/366_100.in 
1 1 1532.6666666666665 inputs/205_100.in 
1 1 36831506224.218414 inputs/305_100.in 
1 1 2696.199 inputs/278_100.in 
1 1 5679922742.481367 inputs/309_100.in 
10 10 48427.860183333316 inputs/209_100.in 
1 1 14992.0 inputs/274_100.in 
1 1 1290.6666666666665 inputs/82_100.in 
10 10 8264091864.363245 inputs/217_100.in 
13 13 8705.0 inputs/177_100.in 
1 1 72.0 inputs/36_100.in 
15 13 26570179.666666664 inputs/114_100.in 
1 1 48728.90473333334 inputs/55_100.in 
7 7 72189887803.68526 inputs/169_100.in 
7 7 4863773673.836643 inputs/28_100.in 
1 1 55699776.48277332 inputs/118_100.in 
1 1 36.533333333333346 inputs/24_100.in 
1 1 127.33999999999995 inputs/165_100.in 
8 7 159.48183333333327 inputs/106_100.in 
1 1 570375.2693733332 inputs/299_100.in 
13 13 454.3333333333333 inputs/12_100.in 
4 4 160997943285.34012 inputs/153_100.in 
94 1 52252493.22291333 inputs/71_100.in 
1 1 666944.0 inputs/287_100.in 
1 1 35713414930.0 inputs/130_100.in 
1 1 78.66666666666666 inputs/141_100.in 
10 10 15378902.333333332 inputs/122_100.in 
14 10 38.666666666666664 inputs/295_100.in 
5 4 109.66666666666666 inputs/63_100.in 
1 1 809.4252066666664 inputs/45_100.in 
1 1 11305.333333333332 inputs/104_100.in 
8 4 1139.0 inputs/38_100.in 
1 1 367.94006666666655 inputs/179_100.in 
4 4 424.66666666666663 inputs/26_100.in 
1 1 35.33333333333333 inputs/167_100.in 
13 10 1037.3333333333333 inputs/116_100.in 
18 13 9390.333333333332 inputs/57_100.in 
70 1 7345334884.333333 inputs/108_100.in 
1 1 1791.3333333333333 inputs/49_100.in 
1 1 7295254530.948694 inputs/175_100.in 
1 1 33.33333333333333 inputs/34_100.in 
26 1 4714.666666666666 inputs/120_100.in 
1 1 15831.333333333332 inputs/297_100.in 
1 1 324419.1951733333 inputs/61_100.in 
4 4 32.33333333333333 inputs/289_100.in 
1 1 34.666666666666664 inputs/73_100.in 
1 1 90120.97751333335 inputs/285_100.in 
1 1 1352.533333333333 inputs/132_100.in 
1 1 552.5394399999999 inputs/10_100.in 
50 1 51.666666666666664 inputs/151_100.in 
1 1 35119371939.84865 inputs/231_100.in 
1 1 99161.33333333333 inputs/186_100.in 
1 1 37.62666666666667 inputs/331_100.in 
1 1 24921797975.09502 inputs/5_100.in 
1 1 3614.0 inputs/252_100.in 
13 13 733.0 inputs/352_100.in 
0 0 inf inputs/194_100.in 
1 1 33.33333333333333 inputs/223_100.in 
10 10 9.46833333333333 inputs/9_100.in 
1 1 2498.4068666666662 inputs/340_100.in 
1 1 350.82818 inputs/240_100.in 
1 1 29.885613333333332 inputs/315_100.in 
1 1 192.66666666666666 inputs/268_100.in 
1 1 2083.1490133333327 inputs/276_100.in 
1 1 58.666666666666664 inputs/207_100.in 
1 1 1836.6666666666665 inputs/307_100.in 
1 1 33.33333333333333 inputs/219_100.in 
5 4 69.0 inputs/319_100.in 
1 1 489.40986000000004 inputs/264_100.in 
1 1 52.0 inputs/364_100.in 
12 10 26916.739323333324 inputs/77_100.in 
7 7 876.9137933333333 inputs/281_100.in 
1 1 137.33333333333331 inputs/136_100.in 
1 1 6746.818820000001 inputs/14_100.in 
10 10 842.0 inputs/155_100.in 
1 1 7665254093.230125 inputs/128_100.in 
13 10 161.33333333333331 inputs/18_100.in 
1 1 13965322.666666666 inputs/124_100.in 
1 1 5.333333333333333 inputs/293_100.in 
13 13 1370.3333333333333 inputs/65_100.in 
4 4 1498.6666666666665 inputs/147_100.in 
1 1 11.70933333333333 inputs/112_100.in 
4 4 115.66666666666666 inputs/53_100.in 
1 1 11905492189.913492 inputs/171_100.in 
1 1 502.03837999999996 inputs/30_100.in 
7 7 1215.0 inputs/41_100.in 
14 13 242.0 inputs/22_100.in 
1 1 2937541620.5087934 inputs/163_100.in 
1 1 134.3514333333333 inputs/88_100.in 
1 1 3990.077533333333 inputs/203_100.in 
1 1 36896295840.068665 inputs/303_100.in 
20 13 83.71799999999998 inputs/96_100.in 
10 10 167.96849999999995 inputs/260_100.in 
1 1 538.6993599999998 inputs/360_100.in 
1 1 5277086.610853333 inputs/311_100.in 
4 4 101.33333333333333 inputs/211_100.in 
4 4 87292542401.57245 inputs/272_100.in 
1 1 111.65474666666663 inputs/84_100.in 
7 7 33.28333333333333 inputs/327_100.in 
2 1 30085408.803810004 inputs/190_100.in 
1 1 47.33400000000001 inputs/227_100.in 
1 1 87515473.93573335 inputs/244_100.in 
29 10 65.33333333333333 inputs/239_100.in 
1 1 183574.66666666666 inputs/248_100.in 
1 1 33682.666666666664 inputs/235_100.in 
7 7 5194287945.0 inputs/182_100.in 
1 1 4.19666 inputs/335_100.in 
1 1 209.33333333333331 inputs/256_100.in 
1 1 787737.4991199999 inputs/356_100.in 
1 1 20101.485999999997 inputs/1_100.in 
2 1 58.535360000000026 inputs/86_100.in 
1 1 171.63060666666664 inputs/98_100.in 
7 7 183.66666666666666 inputs/213_100.in 
7 7 2948.333333333333 inputs/94_100.in 
1 1 34.0 inputs/262_100.in 
1 1 605.9695333333332 inputs/362_100.in 
1 1 1515593410.0 inputs/201_100.in 
7 7 756.6666666666666 inputs/301_100.in 
5 4 78.66666666666666 inputs/254_100.in 
22 1 460.1737 inputs/229_100.in 
1 1 68.66666666666666 inputs/329_100.in 
13 13 9549.129999999997 inputs/3_100.in 
7 7 112.0 inputs/237_100.in 
1 1 237.33333333333331 inputs/180_100.in 
1 1 41.33333333333333 inputs/337_100.in 
1 1 402.44277999999997 inputs/246_100.in 
1 1 36445057907.94501 inputs/358_100.in 
1 1 392.50937999999996 inputs/258_100.in 
1 1 35078.666666666664 inputs/325_100.in 
1 1 86255.01395999998 inputs/192_100.in 
56 1 37681039507.36534 inputs/145_100.in 
1 1 24565.333333333332 inputs/79_100.in 
91 1 10000500194.0 inputs/126_100.in 
1 1 1507558017.3333333 inputs/291_100.in 
60 1 40.0 inputs/67_100.in 
1 1 2864.0 inputs/16_100.in 
8 7 766.5971233333332 inputs/157_100.in 
1 1 367.3333333333333 inputs/149_100.in 
13 13 76.0 inputs/75_100.in 
12 4 42.0 inputs/134_100.in 
1 1 6523008855.527361 inputs/20_100.in 
14 13 83.33333333333333 inputs/161_100.in 
97 1 293894.0 inputs/43_100.in 
1 1 414342.78673333325 inputs/102_100.in 
1 1 105133340370.89182 inputs/173_100.in 
4 4 57.0 inputs/32_100.in 
1 1 27198571066.30047 inputs/110_100.in 
10 10 723018.0 inputs/51_100.in 
