1 1 64927170.92894003 inputs/131_100.in 
7 7 74.0 inputs/70_100.in 
1 1 92.0 inputs/286_100.in 
4 4 1481216813.0626001 inputs/152_100.in 
1 1 1205.3333333333333 inputs/13_100.in 
1 1 2128.6666666666665 inputs/298_100.in 
4 4 118.66666666666666 inputs/294_100.in 
20 1 43.33333333333333 inputs/62_100.in 
1 1 11881.333333333332 inputs/123_100.in 
1 1 4119031710.16512 inputs/140_100.in 
1 1 45511.677333333326 inputs/29_100.in 
10 10 81018.17200000002 inputs/168_100.in 
13 13 180479.4024133333 inputs/54_100.in 
1 1 71.33333333333333 inputs/115_100.in 
13 13 743.7557133333333 inputs/37_100.in 
7 7 0.03153 inputs/107_100.in 
1 1 19623754420.482716 inputs/46_100.in 
8 7 117.64020000000002 inputs/164_100.in 
1 1 34.0 inputs/25_100.in 
1 1 3485.4933333333347 inputs/58_100.in 
1 1 765678350.2751267 inputs/279_100.in 
1 1 33.33333333333333 inputs/304_100.in 
4 4 3010517132.9782057 inputs/204_100.in 
1 1 30.0 inputs/267_100.in 
1 1 9.885613333333334 inputs/216_100.in 
1 1 33.33333333333333 inputs/316_100.in 
4 4 65.0 inputs/275_100.in 
1 1 222.93333333333334 inputs/83_100.in 
15 13 75.69142999999998 inputs/208_100.in 
4 4 12866.666666666666 inputs/220_100.in 
1 1 70336898.66666666 inputs/320_100.in 
98 1 50.333333333333336 inputs/197_100.in 
1 1 30.666666666666664 inputs/343_100.in 
1 1 163.3568266666666 inputs/189_100.in 
1 1 712.68 inputs/185_100.in 
1 1 33.33333333333333 inputs/332_100.in 
8 4 69.33333333333333 inputs/232_100.in 
3 1 49.666666666666664 inputs/351_100.in 
1 1 295.3333333333333 inputs/251_100.in 
7 7 729.5908366666666 inputs/6_100.in 
11 10 28243310011.333332 inputs/277_100.in 
1 1 18672147.968220003 inputs/81_100.in 
4 4 5074519335.707415 inputs/269_100.in 
1 1 175.33333333333331 inputs/214_100.in 
1 1 17332.666666666664 inputs/314_100.in 
4 4 23726.0 inputs/365_100.in 
1 1 137.47066666666672 inputs/93_100.in 
12 10 132.33333333333331 inputs/265_100.in 
1 1 49.33333333333333 inputs/318_100.in 
1 1 3065.333333333333 inputs/218_100.in 
1 1 34000000000.0 inputs/306_100.in 
10 10 13980614.333333332 inputs/206_100.in 
13 13 952221340.0 inputs/253_100.in 
1 1 9339216460.970373 inputs/4_100.in 
10 1 344.0 inputs/199_100.in 
1 1 38666666666.666664 inputs/187_100.in 
1 1 35691196565.28742 inputs/230_100.in 
1 1 1902.0698999999997 inputs/241_100.in 
1 1 304.6235666666667 inputs/222_100.in 
1 1 46.666666666666664 inputs/322_100.in 
1 1 294.66666666666663 inputs/195_100.in 
1 1 2476.2919999999995 inputs/8_100.in 
13 13 47287.666666666664 inputs/142_100.in 
1 1 34.0 inputs/288_100.in 
1 1 4313542623.940853 inputs/296_100.in 
13 13 169190.34799 inputs/60_100.in 
1 1 258.0 inputs/121_100.in 
1 1 677007019.3747667 inputs/150_100.in 
1 1 10233444.666666666 inputs/11_100.in 
13 13 1711218903.5598633 inputs/133_100.in 
