34 13 67922217347.156456 inputs/145_200.in
16 13 55901.33333333333 inputs/79_200.in
34 13 2667404636.6666665 inputs/291_200.in
34 13 66.66666666666666 inputs/67_200.in
34 13 26667200204.666664 inputs/126_200.in
34 13 1255.55127 inputs/157_200.in
34 13 50.666666666666664 inputs/16_200.in
34 13 870.0 inputs/149_200.in
34 13 395.3333333333333 inputs/134_200.in
19 13 119.33333333333333 inputs/75_200.in
22 13 147.66666666666666 inputs/161_200.in
19 13 13705122531.683691 inputs/20_200.in
19 13 912716.3587333334 inputs/102_200.in
34 13 749774.0 inputs/43_200.in
16 13 64.0 inputs/32_200.in
22 13 322366688003.50635 inputs/173_200.in
25 13 1884629.3333333333 inputs/51_200.in
31 13 98839402382.13766 inputs/110_200.in
22 13 91.89901333333334 inputs/86_200.in
22 13 1011.8838666666667 inputs/98_200.in
34 13 278.0 inputs/213_200.in
22 13 1417.4964999999997 inputs/362_200.in
22 13 7459.0 inputs/94_200.in
34 13 67.33333333333333 inputs/262_200.in
22 13 159.66666666666666 inputs/301_200.in
34 13 2290624273.0 inputs/201_200.in
16 13 213.0 inputs/254_200.in
34 13 41681.23700000002 inputs/3_200.in
34 13 144.66666666666666 inputs/329_200.in
34 13 981.3909600000017 inputs/229_200.in
34 13 482.3333333333333 inputs/180_200.in
28 13 97.33333333333333 inputs/337_200.in
16 13 232.66666666666666 inputs/237_200.in
19 13 12239.319406666667 inputs/246_200.in
16 13 979.3493266666666 inputs/258_200.in
34 13 79823639446.25261 inputs/358_200.in
34 13 74791.0 inputs/325_200.in
34 13 1710860.3055166672 inputs/192_200.in
31 13 387.2606033333335 inputs/88_200.in
34 13 808.856486666667 inputs/303_200.in
19 13 9950.59684 inputs/203_200.in
22 13 1351.0695866666665 inputs/360_200.in
34 13 207.74699333333325 inputs/96_200.in
31 13 452.5713666666665 inputs/260_200.in
16 13 252.66666666666666 inputs/211_200.in
31 13 11369902.528030002 inputs/311_200.in
22 13 182495320194.7845 inputs/272_200.in
19 13 287.46666666666664 inputs/84_200.in
25 13 109.00186666666669 inputs/227_200.in
19 13 64.94333333333333 inputs/327_200.in
34 13 52846228.92452 inputs/190_200.in
19 13 92146882.51443335 inputs/244_200.in
34 13 134.66666666666666 inputs/239_200.in
34 13 433913.3333333333 inputs/248_200.in
31 13 15765254670.0 inputs/182_200.in
16 13 8.604273333333332 inputs/335_200.in
31 13 183427.3333333333 inputs/235_200.in
34 13 1536088.12456 inputs/356_200.in
34 13 582.0 inputs/256_200.in
34 13 48320.17266666668 inputs/1_200.in
34 13 127.66666666666666 inputs/136_200.in
34 13 59755.917943333356 inputs/77_200.in
34 13 1557.6666666666665 inputs/155_200.in
19 13 15571.154086666666 inputs/14_200.in
16 13 18944886294.022877 inputs/128_200.in
34 13 299.0 inputs/18_200.in
6 6 4.333333333333333 inputs/293_200.in
25 13 3438.0 inputs/65_200.in
22 13 35306271.33333333 inputs/124_200.in
16 13 3050.6666666666665 inputs/147_200.in
34 13 66666666632.0 inputs/53_200.in
34 13 18.91433333333333 inputs/112_200.in
34 13 458.74997666666667 inputs/30_200.in
34 13 46811503867.68955 inputs/171_200.in
