24 19 210.69943999999998 inputs/85_50.in 
26 19 3769.8653333333336 inputs/192_50.in 
49 19 4.333333333333333 inputs/293_50.in 
24 19 78.58472 inputs/78_50.in 
25 19 1208264219.4547832 inputs/152_50.in 
21 19 208.0 inputs/117_50.in 
27 19 454.4702866666667 inputs/45_50.in 
24 19 826878776.3333333 inputs/253_50.in 
22 19 203.12564999999998 inputs/216_50.in 
24 19 16083647194.333332 inputs/277_50.in 
25 19 32.0 inputs/232_50.in 
26 19 180511.10108333328 inputs/61_50.in 
28 19 19.266666666666666 inputs/24_50.in 
34 1 1848554137.1809967 inputs/133_50.in 
23 19 2553332923.466033 inputs/357_50.in 
33 19 231.33333333333331 inputs/7_50.in 
28 19 100401.33333333333 inputs/248_50.in 
27 19 244.66666666666666 inputs/149_50.in 
28 19 13221113918.895557 inputs/5_50.in 
25 19 856.8010833333332 inputs/174_50.in 
26 19 71078440.7424 inputs/131_50.in 
21 19 55.0 inputs/63_50.in 
24 19 3800.0 inputs/26_50.in 
28 19 17.333333333333332 inputs/288_50.in 
22 19 33.0 inputs/275_50.in 
28 19 19326265184.97671 inputs/230_50.in 
27 19 90.55155333333335 inputs/189_50.in 
25 19 6034118180.694611 inputs/309_50.in 
24 19 152.0 inputs/251_50.in 
27 19 56.666666666666664 inputs/214_50.in 
24 19 608643939.5882366 inputs/150_50.in 
25 19 44.666666666666664 inputs/115_50.in 
26 19 981899042.0 inputs/291_50.in 
22 19 7094080413.901104 inputs/128_50.in 
33 1 14563693.837986669 inputs/190_50.in 
33 19 187.8261599999999 inputs/229_50.in 
22 19 26.333333333333332 inputs/87_50.in 
25 19 5667102752.536633 inputs/334_50.in 
49 1 143891.0 inputs/43_50.in 
28 19 508.66666666666663 inputs/154_50.in 
26 19 598.9176466666665 inputs/111_50.in 
23 19 3155.933333333333 inputs/255_50.in 
25 1 24.0 inputs/210_50.in 
22 1 4000000483.49998 inputs/194_50.in 
38 1 104.09999999999998 inputs/83_50.in 
28 19 100.0 inputs/268_50.in 
26 19 23.0 inputs/295_50.in 
35 1 24259032100.88153 inputs/169_50.in 
27 19 71702.33333333333 inputs/314_50.in 
49 19 46.33333333333333 inputs/351_50.in 
28 19 13065.867333333332 inputs/1_50.in 
49 19 3719949720.6666665 inputs/108_50.in 
23 19 43661.385293333326 inputs/209_50.in 
25 19 303.3920599999999 inputs/271_50.in 
25 19 1966427.3333333333 inputs/234_50.in 
21 19 4.0 inputs/170_50.in 
49 19 101.33333333333333 inputs/135_50.in 
49 19 24.666666666666664 inputs/67_50.in 
27 19 111.0 inputs/22_50.in 
28 19 34.0 inputs/329_50.in 
25 19 697.6666666666666 inputs/65_50.in 
24 19 4492647980.236207 inputs/20_50.in 
29 19 26020.0 inputs/172_50.in 
25 19 4437.333333333333 inputs/137_50.in 
49 19 34.0 inputs/273_50.in 
26 19 105.00737333333332 inputs/98_50.in 
28 19 76.66666666666666 inputs/236_50.in 
30 19 820934892.7651134 inputs/150_100.in 
27 19 16.666666666666664 inputs/316_50.in 
25 19 2194.684666666667 inputs/3_50.in 
24 19 1801.9766666666665 inputs/58_50.in 
49 19 4.666666666666666 inputs/332_50.in 
39 1 117385689.33333333 inputs/297_50.in 
36 1 12016020439.013597 inputs/39_50.in 
28 19 10003414.786740001 inputs/81_50.in 
22 19 15.678946666666667 inputs/196_50.in 
43 1 187.0 inputs/212_50.in 
23 19 5850311883.927347 inputs/156_50.in 
28 1 317.0 inputs/113_50.in 
24 19 530.0 inputs/41_50.in 
28 19 19464899921.333332 inputs/130_50.in 
23 19 6478358210.074518 inputs/175_50.in 
49 19 6.333333333333333 inputs/289_50.in 
27 19 14.0 inputs/27_50.in 
22 19 31.666666666666664 inputs/62_50.in 
49 19 16.0 inputs/231_50.in 
28 19 4266.666666666666 inputs/274_50.in 
28 19 4039.5581999999995 inputs/188_50.in 
24 19 4954808.532860001 inputs/311_50.in 
25 19 8054074400.847413 inputs/4_50.in 
42 1 1189.00001 inputs/249_50.in 
49 19 15.0 inputs/148_50.in 
22 19 2.8719366666666666 inputs/335_50.in 
26 19 16.848686666666666 inputs/290_50.in 
24 19 18.666666666666664 inputs/191_50.in 
23 19 44.23373666666667 inputs/86_50.in 
25 19 139.33333333333331 inputs/228_50.in 
21 19 60.33333333333333 inputs/250_50.in 
26 19 14756422366.898335 inputs/46_50.in 
26 19 6837377.666666666 inputs/114_50.in 
34 19 26.666666666666668 inputs/151_50.in 
20 19 2348.0 inputs/116_50.in 
25 19 77216574725.54279 inputs/153_50.in 
28 19 3826.0 inputs/44_50.in 
26 19 6513885127.70395 inputs/217_50.in 
28 19 3901.579999999999 inputs/252_50.in 
26 19 23.333333333333332 inputs/337_50.in 
22 19 86.23333333333333 inputs/84_50.in 
25 19 12876.0 inputs/79_50.in 
