15 14 67199259745.334045 inputs/145_200.in
5 5 49068.0 inputs/79_200.in
1 1 2308846440.6666665 inputs/291_200.in
1 1 66.66666666666666 inputs/67_200.in
1 1 26667200168.666664 inputs/126_200.in
1 1 936.9901466666666 inputs/157_200.in
1 1 49.33333333333333 inputs/16_200.in
4 3 670.0 inputs/149_200.in
3 1 395.2666666666669 inputs/134_200.in
7 6 113.66666666666666 inputs/75_200.in
14 14 139.33333333333331 inputs/161_200.in
1 1 7970560883.864857 inputs/20_200.in
1 1 527008.9018 inputs/102_200.in
4 3 750702.6666666666 inputs/43_200.in
1 1 57.33333333333333 inputs/32_200.in
1 1 217866681220.99213 inputs/173_200.in
13 13 1491005.3333333333 inputs/51_200.in
1 1 70053416169.01215 inputs/110_200.in
2 1 82.46869333333329 inputs/86_200.in
1 1 714.7311000000005 inputs/98_200.in
12 12 214.33333333333331 inputs/213_200.in
1 1 882.3361999999995 inputs/362_200.in
10 10 4562.333333333333 inputs/94_200.in
1 1 67.33333333333333 inputs/262_200.in
11 11 130.33333333333331 inputs/301_200.in
1 1 1729436774.0 inputs/201_200.in
1 1 93.33333333333333 inputs/254_200.in
10 9 28203.26500000001 inputs/3_200.in
1 1 134.66666666666666 inputs/329_200.in
22 1 981.3909600000017 inputs/229_200.in
14 14 353.3333333333333 inputs/180_200.in
1 1 71.33333333333333 inputs/337_200.in
6 6 214.66666666666666 inputs/237_200.in
1 1 6666.77631333333 inputs/246_200.in
1 1 530.7190066666667 inputs/258_200.in
1 1 70016168847.24579 inputs/358_200.in
1 1 59962.0 inputs/325_200.in
1 1 1543770.9364866666 inputs/192_200.in
1 1 342.7229400000001 inputs/88_200.in
1 1 703.6744866666668 inputs/303_200.in
1 1 5360.859739999999 inputs/203_200.in
1 1 873.0248933333335 inputs/360_200.in
1 1 154.18291999999994 inputs/96_200.in
15 14 292.22793333333317 inputs/260_200.in
4 4 204.66666666666666 inputs/211_200.in
11 9 7212726.838329999 inputs/311_200.in
3 3 171868982661.36966 inputs/272_200.in
1 1 186.99999999999991 inputs/84_200.in
9 9 86.66866666666665 inputs/227_200.in
2 1 40.98333333333332 inputs/327_200.in
3 1 52147730.710939996 inputs/190_200.in
1 1 54153181.72353334 inputs/244_200.in
1 1 134.66666666666666 inputs/239_200.in
1 1 355395.3333333333 inputs/248_200.in
1 1 12166825204.666666 inputs/182_200.in
1 1 5.038773333333334 inputs/335_200.in
11 10 146432.3333333333 inputs/235_200.in
1 1 1536088.1228000014 inputs/356_200.in
3 3 466.0 inputs/256_200.in
20 14 35985.21466666666 inputs/1_200.in
28 1 128.66666666666666 inputs/136_200.in
1 1 47970.25586666668 inputs/77_200.in
10 10 1054.3333333333333 inputs/155_200.in
1 1 9048.3575 inputs/14_200.in
8 8 12370879277.217173 inputs/128_200.in
5 4 217.33333333333331 inputs/18_200.in
6 6 4.333333333333333 inputs/293_200.in
14 14 3412.6666666666665 inputs/65_200.in
4 4 22605957.333333332 inputs/124_200.in
4 4 3013.333333333333 inputs/147_200.in
1 1 65333333300.666664 inputs/53_200.in
12 12 13.502 inputs/112_200.in
1 1 414.5752866666669 inputs/30_200.in
1 1 32981360418.976936 inputs/171_200.in
1 1 685394.0 inputs/100_200.in
13 12 2615.333333333333 inputs/41_200.in
10 10 3843551891.608736 inputs/163_200.in
15 14 540.3333333333333 inputs/22_200.in
29 1 190681.0 inputs/186_200.in
1 1 69.01333333333335 inputs/331_200.in
3 1 218666666563.3333 inputs/231_200.in
1 1 47241627018.3398 inputs/5_200.in
8 8 1427.0 inputs/352_200.in
1 1 7009.333333333333 inputs/252_200.in
15 14 10.629793333333337 inputs/9_200.in
1 1 66.66666666666666 inputs/223_200.in
3 3 28000004919.033188 inputs/194_200.in
1 1 685.0131466666668 inputs/240_200.in
1 1 3940.45028 inputs/340_200.in
19 1 5.333333333333333 inputs/315_200.in
17 7 364.66666666666663 inputs/268_200.in
7 7 2860.5783666666675 inputs/276_200.in
1 1 1259.3333333333333 inputs/307_200.in
1 1 464.0 inputs/207_200.in
5 4 139.0 inputs/319_200.in
1 1 66.66666666666666 inputs/219_200.in
1 1 81.33333333333333 inputs/364_200.in
1 1 14024.666666666666 inputs/264_200.in
1 1 47020.666666666664 inputs/104_200.in
14 6 1456.2712933333337 inputs/45_200.in
1 1 695.1528666666665 inputs/179_200.in
1 1 2134.6666666666665 inputs/38_200.in
1 1 66.66666666666666 inputs/167_200.in
6 6 4111.666666666666 inputs/26_200.in
1 1 17840.666666666664 inputs/57_200.in
12 12 3226.6666666666665 inputs/116_200.in
1 1 3436.6666666666665 inputs/49_200.in
29 1 15727828263.666666 inputs/108_200.in
1 1 56.666666666666664 inputs/34_200.in
1 1 10252735156.62535 inputs/175_200.in
1 1 44056.666666666664 inputs/297_200.in
7 6 660338.5032966662 inputs/61_200.in
29 1 124.0 inputs/120_200.in
1 1 69.33333333333333 inputs/289_200.in
1 1 5633.199999999999 inputs/132_200.in
13 7 53.666666666666664 inputs/73_200.in
1 1 412697.7643933334 inputs/285_200.in
29 1 125.33333333333333 inputs/151_200.in
8 8 1684.2952466666673 inputs/10_200.in
14 14 160.66666666666666 inputs/36_200.in
1 1 3487.333333333333 inputs/177_200.in
14 14 9534744.048800003 inputs/55_200.in
8 6 33345145.666666664 inputs/114_200.in
12 12 618300767.0809236 inputs/28_200.in
11 11 127491324825.65404 inputs/169_200.in
1 1 80185781.48589997 inputs/118_200.in
16 14 249.02333333333328 inputs/165_200.in
1 1 69.5333333333333 inputs/24_200.in
1 1 233.51704666666672 inputs/106_200.in
1 1 771149.5978933333 inputs/299_200.in
4 3 321963715458.4372 inputs/153_200.in
13 12 849.0 inputs/12_200.in
1 1 69428104258.0 inputs/130_200.in
1 1 41471180.31804663 inputs/71_200.in
1 1 166.66666666666666 inputs/287_200.in
1 1 78.66666666666666 inputs/141_200.in
7 5 71.0 inputs/295_200.in
4 3 219.0 inputs/63_200.in
4 4 29859016.0 inputs/122_200.in
1 1 13971.735846666663 inputs/188_200.in
12 12 393.66666666666663 inputs/242_200.in
12 12 8594.666666666666 inputs/342_200.in
1 1 86.0 inputs/321_200.in
6 6 28.53942999999999 inputs/196_200.in
2 1 927.3333333333333 inputs/7_200.in
14 14 2188.6637333333333 inputs/350_200.in
5 4 225.0 inputs/250_200.in
7 1 237.66666666666666 inputs/184_200.in
1 1 533081.6358666667 inputs/233_200.in
5 5 19637.69235333333 inputs/366_200.in
1 1 68.66666666666666 inputs/90_200.in
1 1 818730.7365799998 inputs/266_200.in
1 1 70303107479.32193 inputs/305_200.in
3 3 2973.333333333333 inputs/205_200.in
1 1 10389.434093333333 inputs/278_200.in
14 14 67494.59778 inputs/209_200.in
1 1 7744999623.860483 inputs/309_200.in
1 1 56580.0 inputs/274_200.in
1 1 1314.6666666666665 inputs/82_200.in
1 1 10392280437.159897 inputs/217_200.in
1 1 324.0 inputs/236_200.in
7 6 105.66666666666666 inputs/181_200.in
9 9 230302.05179333338 inputs/2_200.in
6 6 661.3333333333333 inputs/228_200.in
15 14 11145.71423333333 inputs/255_200.in
1 1 929.3333333333333 inputs/324_200.in
3 1 756.0 inputs/359_200.in
1 1 21.333333333333332 inputs/259_200.in
17 14 4235.0 inputs/247_200.in
6 6 8202.0 inputs/212_200.in
1 1 6037096838.500668 inputs/99_200.in
1 1 51418.34374666666 inputs/271_200.in
1 1 83.33333333333333 inputs/87_200.in
1 1 7576.091206666666 inputs/200_200.in
1 1 86.41497333333336 inputs/300_200.in
1 1 69147500010.3362 inputs/95_200.in
1 1 72.0 inputs/263_200.in
1 1 34.666666666666664 inputs/363_200.in
9 8 195.0 inputs/42_200.in
14 13 23858.141199999995 inputs/103_200.in
1 1 6528.666666666666 inputs/21_200.in
11 11 203.66666666666666 inputs/160_200.in
11 9 116.33333333333333 inputs/111_200.in
1 1 4358.716600000001 inputs/50_200.in
18 5 14948030.666666666 inputs/172_200.in
7 7 2796.6666666666665 inputs/33_200.in
1 1 1340.6666666666665 inputs/127_200.in
1 1 919.7693333333333 inputs/290_200.in
12 11 88.60536333333337 inputs/66_200.in
1 1 133333333266.66666 inputs/139_200.in
1 1 155.47652000000005 inputs/78_200.in
12 10 751228.0 inputs/144_200.in
1 1 94.66666666666666 inputs/282_200.in
2 1 90264748.66666666 inputs/135_200.in
1 1 14.666666666666666 inputs/148_200.in
1 1 473.3333333333333 inputs/17_200.in
13 13 10549100811.812504 inputs/156_200.in
1 1 37.33333333333333 inputs/170_200.in
1 1 257910005745.42178 inputs/31_200.in
4 4 65633.33333333333 inputs/113_200.in
1 1 66.66666666666666 inputs/52_200.in
1 1 51.33333333333333 inputs/23_200.in
10 10 2617588542.333333 inputs/162_200.in
1 1 387056.6666666666 inputs/40_200.in
1 1 444.66666666666663 inputs/101_200.in
5 5 6295.0 inputs/68_200.in
8 8 25975680970.557983 inputs/15_200.in
1 1 1952.6666666666665 inputs/154_200.in
1 1 420.0 inputs/76_200.in
1 1 5230.666666666666 inputs/137_200.in
10 10 10.384376666666663 inputs/146_200.in
1 1 49678883.78043998 inputs/125_200.in
1 1 133.33333333333331 inputs/64_200.in
1 1 3052.5260666666672 inputs/238_200.in
10 10 5667.666666666666 inputs/345_200.in
1 1 5881.190586666665 inputs/245_200.in
16 13 1627.6791000000003 inputs/326_200.in
1 1 66.66666666666666 inputs/191_200.in
19 12 47223.666666666664 inputs/226_200.in
1 1 5473480556.187599 inputs/357_200.in
1 1 9300918.666666666 inputs/234_200.in
15 8 73.0 inputs/183_200.in
12 12 10370893379.11202 inputs/334_200.in
1 1 421.87799999999925 inputs/249_200.in
4 3 231.66666666666666 inputs/97_200.in
1 1 537.3333333333333 inputs/261_200.in
1 1 112061.90921999994 inputs/202_200.in
1 1 142.66666666666666 inputs/89_200.in
1 1 200.0 inputs/273_200.in
1 1 1655.8472466666674 inputs/85_200.in
9 9 572355.2499066666 inputs/210_200.in
14 14 71030.0 inputs/142_200.in
1 1 66.66666666666666 inputs/288_200.in
1 1 262.66666666666663 inputs/121_200.in
1 1 6080447758.450619 inputs/296_200.in
11 11 234470.72759999998 inputs/60_200.in
6 6 16500365.333333332 inputs/11_200.in
4 4 888522510.4415834 inputs/150_200.in
1 1 4268.0 inputs/72_200.in
11 11 752.3333333333333 inputs/284_200.in
12 12 1902196895.6582031 inputs/133_200.in
1 1 54.0 inputs/27_200.in
8 8 34.766666666666666 inputs/166_200.in
1 1 11106369850.9722 inputs/39_200.in
1 1 14779091880.0 inputs/178_200.in
1 1 13809.333333333332 inputs/44_200.in
1 1 857.3911866666664 inputs/105_200.in
12 12 2796.6579666666667 inputs/174_200.in
11 10 104.66666666666666 inputs/35_200.in
1 1 1095745531.9843335 inputs/109_200.in
1 1 12544.0 inputs/48_200.in
12 12 828.3333333333333 inputs/117_200.in
6 6 216.0 inputs/56_200.in
1 1 14284209804.0 inputs/277_200.in
7 4 35144081.97443666 inputs/81_200.in
10 10 6730038241.770475 inputs/269_200.in
3 3 62180.33333333333 inputs/314_200.in
1 1 613.3333333333333 inputs/214_200.in
1 1 273.60666666666657 inputs/93_200.in
12 11 279.3333333333333 inputs/265_200.in
5 5 50087.666666666664 inputs/365_200.in
10 9 108.0 inputs/218_200.in
1 1 2729.333333333333 inputs/318_200.in
1 1 12353366.666666666 inputs/206_200.in
1 1 67333333333.33333 inputs/306_200.in
1 1 1357962014.0 inputs/253_200.in
1 1 365.3333333333333 inputs/199_200.in
6 4 11937884192.13825 inputs/4_200.in
1 1 69316317826.67294 inputs/230_200.in
1 1 46666666666.666664 inputs/187_200.in
1 1 3739.7453333333333 inputs/241_200.in
8 6 4125.299166666664 inputs/8_200.in
1 1 338.0 inputs/322_200.in
1 1 603.3333333333333 inputs/195_200.in
10 10 381.26197999999965 inputs/222_200.in
1 1 987191000.6573331 inputs/279_200.in
1 1 127933333637.70808 inputs/204_200.in
1 1 66.66666666666666 inputs/304_200.in
1 1 67.33333333333333 inputs/267_200.in
1 1 67.33333333333333 inputs/316_200.in
1 1 9.885613333333332 inputs/216_200.in
1 1 2666666732.0 inputs/275_200.in
8 8 459.3999999999999 inputs/83_200.in
1 1 112.07824 inputs/208_200.in
1 1 137369423.3333333 inputs/320_200.in
1 1 92.0 inputs/197_200.in
4 4 25866.666666666664 inputs/220_200.in
1 1 67.33333333333333 inputs/343_200.in
1 1 320.01874666666663 inputs/189_200.in
13 13 139.0 inputs/232_200.in
20 11 1595.94 inputs/185_200.in
1 1 57.33333333333333 inputs/332_200.in
1 1 565.3333333333333 inputs/251_200.in
6 5 46.33333333333333 inputs/351_200.in
7 7 1830.9057366666675 inputs/6_200.in
11 11 148.66666666666666 inputs/70_200.in
12 11 135.66666666666666 inputs/286_200.in
13 11 214505423.29378015 inputs/131_200.in
12 10 2346.333333333333 inputs/13_200.in
1 1 2192319026.2138996 inputs/152_200.in
1 1 4006.6666666666665 inputs/298_200.in
17 14 23079.0 inputs/123_200.in
4 4 106.33333333333333 inputs/294_200.in
1 1 69.33333333333333 inputs/62_200.in
1 1 5980583779.279767 inputs/140_200.in
1 1 1239231.988 inputs/168_200.in
1 1 5160.973073333333 inputs/29_200.in
1 1 139.33333333333331 inputs/115_200.in
20 7 379612.85594333336 inputs/54_200.in
7 7 1153.3832400000001 inputs/37_200.in 
1 1 36752455275.748245 inputs/46_200.in
1 1 6784.0 inputs/107_200.in
1 1 66.66666666666666 inputs/25_200.in
14 12 230.29276666666667 inputs/164_200.in
1 1 7373.146666666667 inputs/58_200.in
