189 1 
1 1 
1 1 
1 1 
5 5 
7 7 
1 1 
1 1 
1 1 
4 4 
26 23 
1 1 
100 1 
1 1 
181 1 
17 17 
1 1 
11 11 
20 1 
6 6 
6 6 
1 1 
11 7 
4 3 
1 1 
1 1 
1 1 
196 1 
7 6 
23 23 
14 14 
1 1 
22 22 
18 15 
1 1 
20 19 
7 7 
8 6 
10 8 
1 1 
1 1 
193 1 
7 7 
1 1 
1 1 
7 7 
1 1 
8 7 
1 1 
1 1 
2 1 
19 18 
1 1 
1 1 
2 1 
20 19 
1 1 
1 1 
4 4 
1 1 
1 1 
1 1 
1 1 
12 12 
16 16 
24 24 
1 1 
1 1 
1 1 
1 1 
10 9 
4 3 
4 4 
6 6 
1 1 
6 6 
4 4 
1 1 
11 11 
15 13 
1 1 
1 1 
1 1 
10 9 
4 4 
1 1 
3 3 
22 1 
1 1 
98 1 
1 1 
11 11 
5 5 
17 17 
1 1 
1 1 
6 6 
11 10 
4 4 
1 1 
1 1 
3 3 
1 1 
1 1 
1 1 
24 1 
1 1 
14 8 
1 1 
3 1 
1 1 
1 1 
8 8 
1 1 
1 1 
19 18 
49 1 
11 10 
1 1 
1 1 
1 1 
1 1 
1 1 
1 1 
10 10 
25 1 
25 25 
16 16 
1 1 
26 23 
1 1 
20 19 
5 5 
1 1 
12 10 
1 1 
4 4 
26 22 
1 1 
22 1 
3 3 
1 1 
6 6 
4 3 
14 11 
1 1 
15 15 
8 8 
1 1 
3 1 
1 1 
13 13 
3 3 
23 22 
10 1 
2 1 
3 1 
29 29 
49 1 
7 5 
49 7 
9 9 
1 1 
1 1 
4 3 
1 1 
1 1 
1 1 
2 1 
4 1 
22 21 
10 8 
1 1 
11 10 
1 1 
3 3 
21 20 
1 1 
1 1 
1 1 
20 14 
13 11 
9 9 
1 1 
8 8 
20 1 
1 1 
198 1 
1 1 
1 1 
4 4 
10 9 
1 1 
10 10 
1 1 
1 1 
8 8 
11 11 
9 5 
25 24 
41 25 
1 1 
1 1 
24 24 
4 4 
1 1 
1 1 
4 4 
1 1 
22 21 
18 18 
18 17 
1 1 
5 5 
1 1 
1 1 
12 12 
1 1 
1 1 
21 21 
1 1 
2 1 
1 1 
1 1 
1 1 
1 1 
1 1 
3 3 
11 10 
24 21 
1 1 
9 9 
1 1 
1 1 
13 12 
1 1 
16 16 
18 17 
6 6 
1 1 
1 1 
1 1 
1 1 
1 1 
47 1 
1 1 
15 1 
1 1 
0 0 
5 3 
1 1 
1 1 
1 1 
1 1 
1 1 
20 18 
8 7 
1 1 
8 8 
1 1 
17 16 
